15.55	28.65	2
14.90	27.55	2
14.45	28.35	2
14.15	28.80	2
13.75	28.05	2
13.35	28.45	2
13.00	29.15	2
13.45	27.50	2
13.60	26.50	2
12.80	27.35	2
12.40	27.85	2
12.30	28.40	2
12.20	28.65	2
13.40	25.10	2
12.95	25.95	2
12.90	26.50	2
11.85	27.00	2
11.35	28.00	2
11.15	28.70	2
11.25	27.40	2
10.75	27.70	2
10.50	28.35	2
09.65	28.45	2
10.25	27.25	2
10.75	26.55	2
11.70	26.35	2
11.60	25.9	2
11.90	25.05	2
12.60	24.05	2
11.90	24.5	2
11.10	25.2	2
10.55	25.15	2
10.05	25.95	2
09.35	26.6	2
09.30	27.25	2
09.20	27.8	2
07.50	28.25	2
08.55	27.45	2
08.50	27.05	2
08.05	27.2	2
07.85	26.8	2
07.30	27.4	2
06.80	26.85	2
07.00	26.5	2
07.55	26.3	2
08.55	26.3	2
09.00	25.85	2
08.60	25.65	2
09.40	25.55	2
08.45	25.05	2
08.85	24.6	2
09.65	24.7	2
10.55	24.35	2
11.05	23.9	2
10.55	23.55	2
09.45	23.35	2
09.20	23.9	2
08.35	23.9	2
07.35	24.75	2
07.40	25.45	2
06.60	25.75	2
06.10	26		2
05.80	26.95	2
05.65	25.8	2
05.30	26.1	2
06.40	25.4	2
05.40	25.25	2
05.35	24.7	2
04.80	25.05	2
04.20	25.55	2
06.40	24.8	2
06.55	24.3	2
07.40	24.25	2
05.45	24.2	2
04.30	24		2	
04.00	24.25	2
03.35	23.3	2
04.85	23.05	2
04.30	22.75	2
05.85	23.4	2
05.90	23.55	2
07.55	23.7	2
06.85	23.25	2
07.65	23.1	2
06.95	22.55	2
06.10	22.6	2
05.50	22.6	2
04.70	22.1	2
03.80	21.85	2
04.65	21.2	2
04.15	20.35	2
05.30	20.4	2
05.60	20.75	2
05.80	21.95	2
06.40	21.95	2
06.55	21.15	2
07.45	21.95	2
07.40	21.55	2
07.75	21.2	2
07.65	20.65	2
06.95	19.8	2
06.60	20.1	2
06.05	20.2	2
05.40	19.65	2
05.35	19.05	2
05.80	18.25	2
06.30	19.1	2
07.00	18.9	2
07.15	17.9	2
07.35	18.2	2
08.20	20.05	2
08.30	19.45	2
08.30	18.5	2
08.75	18.8	2
09.05	18.2	2
09.35	17.7	2
08.90	17.65	2
08.45	17.2	2
10.05	17.2	2
10.40	16.75	2
08.60	20.9	2
08.65	21.3	2
08.65	21.9	2
08.65	22.5	2
08.95	22.8	2
09.95	22.65	2
08.95	22.2	2
09.65	21.9	2
10.55	22.3	2
10.90	22.85	2
11.35	23.45	2
12.05	23.4	2
12.30	22.75	2
11.70	22.15	2
11.15	22.05	2
10.85	21.5	2
10.85	21.05	2
09.60	21.3	2
09.85	20.7	2
09.35	20.6	2
09.25	19.65	2
09.95	19.8	2
10.70	20.35	2
11.30	20.7	2
12.35	21.6	2
13.10	21.3	2
12.85	20.75	2
12.00	20		2
11.00	19.85	2
10.35	19		2
09.90	18.65	2
10.60	18.15	2
11.40	18.3	2
11.40	19.25	2
12.35	18.8	2
12.80	19.75	2
12.15	18.1	2
11.05	17.5	2
11.95	17.25	2
12.25	17.5	2
13.05	17.4	2
13.75	18.15	2
13.50	18.65	2
13.65	19.25	2
14.00	19.9	2
15.20	18.2	2
15.50	17.15	2
13.90	17.1	2
13.75	16.6	2
12.15	16.4	2
07.80	13.7	7
08.85	13.35	7
09.00	12.7	7
09.70	12.1	7
08.05	12.9	7
07.70	13.25	7
06.80	13.2	7
06.60	13.45	7
06.20	12.55	7
05.40	12.85	7
05.70	12.25	7
05.20	11.9	7
05.15	11.35	7
05.85	11.2	7
06.10	11.75	7
07.00	12.35	7
07.05	12.45	7
07.90	12.5	7
08.55	12.1	7
07.85	11.85	7
07.10	11.95	7
06.90	11.5	7
06.85	10.9	7
06.40	10.7	7
05.90	10.3	7
06.40	10.25	7
07.05	10.05	7
07.35	10.5	7
07.65	11.1	7
08.10	11.2	7
08.80	11.4	7
08.30	10.55	7
09.00	10.9	7
09.35	10.5	7
10.15	11		4
10.40	10.55	4
10.90	10		4
11.55	10.2	4
11.75	10.85	4
10.10	8.65	4
11.05	9.1		4
11.85	9.8		4
12.85	10.65	4
12.90	11.7	4
13.60	11.1	4
14.05	11.75	4
14.50	11.8	4
14.30	12.45	4
17.00	12.9	4
15.80	12.6	4
15.85	12		4
16.70	12.2	4
16.25	11.7	4
15.55	11.15	4
14.80	11.35	4
14.45	10.75	4
13.75	10.45	4
12.80	10.1	4
13.15	9.8		4
12.45	9.3		4
11.80	8.95	4
11.10	8.45	4
10.35	7.7		4
10.10	6.75	4
11.30	7.95	4
12.35	8.45	4
13.10	8.95	4
13.20	9.35	4
14.10	10.05	4
11.50	7.5		4
11.35	6.9		4
11.95	6.75	4
12.40	7.1		4
12.25	7.6		4
12.95	7.6		4
13.45	7.95	4
13.35	8.25	4
13.75	9		4
14.30	9.3		4
14.85	9.55	4
15.10	10.25	4
15.45	10.55	4
16.35	10.85	4
16.75	11.5	4
16.25	10.2	4
15.40	10.1	4
15.45	9.7		4
15.15	9.3		4
15.25	8.65	4
15.55	8.2		4
14.25	8.7		4
14.25	8.25	4
15.05	7.8		4
14.30	7.5		4
13.55	7.45	4
14.30	6.95	4
13.95	6.7		4
13.05	6.95	4
13.05	6.2		4
11.55	6.3		4
10.80	5.85	4
10.60	5.05	4
11.35	5.55	4
12.15	5.4		4
12.40	5.8		4
12.80	5.7		4
13.65	5.9		4
13.90	5.3		4
13.10	5.1		4
12.55	4.9		4
11.50	4.75	4
11.35	4.05	4
12.40	4.35	4
11.75	3.45	4
12.65	3.7		4
13.40	4.35	4
13.90	4.95	4
12.75	3		4
13.55	3.15	4
13.70	3.65	4
14.10	4.1		4
14.65	5.05	4
14.35	5.75	4
14.50	6.55	4
15.15	7.1		4
13.60	2.55	4
14.45	2.4		4
14.60	3.05	4
15.00	3.4		4
15.25	3.5		4
14.70	4.1		4
14.70	4.5		4
15.25	2.7		4
15.65	2.05	4
15.95	2.8		4
16.10	3.55	4
15.90	4		4
15.60	4.75	4
15.55	5.05	4
15.35	5.5		4
15.15	5.95	4
15.50	6.75	4
15.70	6.35	4
16.20	5.9		4
16.35	5.35	4
16.20	4.55	4
16.55	4.2		4
16.95	4.75	4
17.05	5.1		4
17.30	4.8		4
17.30	4.15	4
17.60	4.3		4
17.05	3.7		4
17.25	3.05	4
16.65	2.8		4
16.55	2.15	4
17.20	2.05	4
18.15	1.95	4
18.05	2.45	4
18.15	3.05	4
18.60	3.45	4
18.40	3.6		4
18.85	3.2		4
19.10	2.65	4
19.45	2.65	4
19.00	2.1		4
19.90	2.05	4
20.45	2.8		4
19.80	3.25	4
19.45	3.9		4
18.65	4.2		4
18.40	4.6		4
18.65	4.75	4
18.75	5.15	4
19.10	4.55	4
17.90	5.4		4
17.65	5.7		4
17.05	6.05	4
17.40	6.5		4
16.60	6.85	4
15.70	7.15	4
15.75	7.75	4
16.60	7.95	4
20.40	3.4		4
20.70	3.45	4
21.15	2.85	4
21.75	2.65	4
22.00	3.25	4
22.20	3.5		4
21.45	3.75	4
21.10	4.05	4
20.15	4.3		4
20.80	4.7		4
20.70	5.15	4
19.75	5.05	4
19.85	5.5		4
20.40	5.65	4
20.55	5.75	4
18.70	5.75	4
19.25	5.95	4
18.40	6		4
18.45	6.6		4
17.65	7.05	4
16.70	7.4		4
18.65	7.3		4
18.05	7.35	4
17.85	7.75	4
17.50	8.25	4
17.15	8.6		4
17.05	9		4
16.40	8.7		4
16.05	8.95	4
16.05	9.6		4
16.50	9.75	4
17.25	9.6		4
17.60	9.9		4
17.80	9.3		4	
18.00	8.55	4
18.80	8.1		4
18.80	8.35	4
19.40	7.6		4
19.25	6.6		4
20.05	6.95	4
19.80	7.5		4
20.05	6.35	4
21.15	5.7		4
21.65	4.85	4
22.15	4.35	4
23.05	3.35	4
23.05	3.8		4
23.15	4.4		4
22.50	4.75	4
22.15	5.2		4
24.15	4.55	4
23.50	5.05	4
23.10	5.3		4
23.00	5.75	4
22.20	5.75	4
21.85	6.2		4
20.75	6.55	4
21.00	7.15	4
20.75	7.65	4
20.00	8.2		4
19.50	8.65	4
18.85	9.05	4
18.75	9.55	4
18.60	10		4
16.95	10.35	4
17.35	10.85	4
18.00	10.65	4
18.50	10.55	4
18.10	11.1	4
17.55	11.3	4
17.95	11.9	4
18.30	12		4
18.00	12.5	4
19.00	11.65	4
19.50	11.05	4
19.45	10.55	4
19.40	9.65	4
20.10	9.4		4
20.05	9.95	4
20.05	10.2	4
19.35	12.2	4
19.20	12.25	4
20.05	11.6	4
20.60	11.15	4
20.70	10.65	4
21.30	11.65	4
21.80	11.15	4
21.85	10.7	4
21.65	10.05	4
20.95	10.2	4
20.90	9.7		4
21.65	9.45	4
21.20	9.25	4
20.75	8.75	4
20.55	8.75	4
21.10	8		4
21.65	8.65	4
21.75	8.2		4
21.95	7.55	4
22.00	6.75	4
22.80	6.45	4
22.65	6.65	4
22.75	7.05	4
23.00	7.35	4
22.55	7.9		4
22.20	8.7		4
22.90	8.45	4
22.35	9.2		4
22.75	9.35	4
22.40	10.05	4
23.05	10.9	4
23.30	9.85	4
23.95	9.8		4
23.65	9.1		4
23.70	8.85	4
24.25	8.25	4
24.85	7.95	4
23.50	7.85	4
23.85	7.35	4
23.95	6.9		4
23.65	6.5		4
23.60	5.7		4
24.30	5.65	4
24.80	6.4		4
34.05	3.5		3
33.05	3.85	3
32.00	3.8		3
31.90	4.4		3
31.05	4.75	3
30.40	5.65	3
30.75	6.1		3
30.00	6.7		3
30.10	7.4		3
29.50	8.15	3
30.75	8		3
30.85	7.35	3
31.50	6.75	3
31.75	5.95	3
32.35	6.45	3
32.80	6		3
32.05	5.1		3
32.80	4.8		3
32.65	4.4		3
33.65	4.6		3
33.05	5.15	3
33.60	5.45	3
34.50	5.05	3
34.90	4.65	3
35.45	4.1		3
34.60	4.05	3
34.20	4.2		3
36.30	5.2		3
35.55	5.35	3
35.95	6.05	3
34.80	5.85	3
33.70	6.15	3
33.95	6.6		3
33.70	7.05	3
32.75	7.1		3
32.30	7.65	3
33.00	7.9		3
31.95	8.15	3
31.15	8.65	3
30.35	8.85	3
29.85	9		3
30.70	9.15	3
29.70	9.9		3
30.45	9.95	3
30.95	9.85	3
31.80	9.45	3
32.45	8.8		3
33.55	8.6		3
34.35	7.7		3
34.70	8		3
34.60	7.25	3
35.00	6.8		3
35.50	7.35	3
36.10	7.5		3
36.55	7		3
36.00	8.2		3
35.35	8.05	3
36.55	8.65	3
36.40	9.1		3
35.50	9.1		3
34.55	8.85	3
35.25	9.4		3
34.40	9.5		3
33.50	9.3		3
33.85	9.8		3
32.50	9.65	3
32.30	10.25	3
33.30	10.3	3
31.60	10.5	3
30.60	10.5	3
30.40	11.1	3
30.90	11.45	3
30.70	11.65	3
30.40	12.05	3
31.20	12	3
31.95	11.35	3
31.65	11.05	3
32.95	11.15	3
32.65	11.7	3
32.25	12.25	3
32.05	12.25	3
31.30	12.7	3
31.95	12.95	3
32.75	13.1	3
33.15	13.2	3
33.10	12.75	3
33.15	12.1	3
34.30	11.75	3
34.00	10.85	3
34.65	11		3
34.80	10.1	3
35.65	9.85	3
36.35	10		3
35.55	10.75	3
35.80	11.55	3
35.20	11.75	3
34.70	11.75	3
34.95	12.75	3
34.05	12.55	3
34.05	13.05	3
33.25	13.7	3
33.20	14.15	3
33.25	14.7	6
33.00	15.15	6
32.95	15.65	6
32.60	16.15	6
32.45	16.75	6
32.65	17.05	6
32.75	17.3	6
31.75	17.2	6
31.70	17.65	6
31.00	17.5	6
31.15	17.9	6
30.45	18.05	6
30.05	18.8	6
30.55	18.8	6
30.50	19.3	6
30.25	19.4	6
29.60	19.85	6
29.15	20.55	6
30.25	20.45	6
30.70	20.05	6
31.00	19.9	6
31.55	19.65	6
31.50	18.55	6
32.05	18.6	6
31.95	19.1	6
32.60	18.35	6
32.85	17.95	6
33.45	17.45	6
33.70	17		6
34.25	17.35	6
34.30	18.05	6
33.85	18.4	6
33.05	18.85	6
33.25	18.95	6
32.80	19.15	6
32.30	19.85	6
32.80	20		6
31.75	20.25	6
31.75	20.75	6
32.10	21.15	6
31.55	21.6	6
30.65	21.3	6
29.95	21.6	6
29.50	21.6	6
30.35	22.05	6
31.05	22		6
31.55	22.2	6
30.95	22.65	6
30.30	23.1	6
29.60	23.15	6
29.35	22.55	6
29.20	23.85	6
30.75	24		6
30.95	24.15	6
31.45	23.7	6
31.95	23.15	6
32.55	22.05	6
32.60	22.55	6
33.25	22.25	6
33.65	21.9	6
33.50	21.3	6
33.10	20.75	6
33.80	20.4	6
33.85	20		6
34.15	19.3	6
34.85	18.85	6
35.30	18.55	6
35.40	19.35	6
34.55	19.75	6
35.05	20		6
35.95	19.85	6
36.35	20.6	6
35.50	20.55	6
34.45	20.65	6
34.40	21.25	6
35.00	21.05	6
35.75	21.3	6
35.05	21.5	6
34.60	22.05	6
34.20	21.75	6
36.25	21.95	6
35.70	22.3	6
35.50	22.9	6
35.85	23.25	6
36.30	23.8	6
35.45	24.1	6
34.90	23.5	6
34.20	22.9	6
33.85	23.3	6
33.25	23.35	6
32.45	23.7	6
33.60	23.9	6
34.25	23.95	6
34.25	24.1	6
35.40	24.7	6
35.15	25.3	6
34.40	24.9	6
33.70	24.85	6
32.25	24.45	6
32.50	24.7	6
31.45	24.45	6
31.55	25.2	6
31.05	25		6
30.25	24.3	6
29.80	24.8	6
29.60	25.5	6
29.70	26.05	6
30.50	25.5	6
30.65	26		6
31.25	26.05	6
31.45	26.95	6
30.75	26.9	6
30.65	27.15	6
31.25	27.85	6
31.85	27.75	6
32.70	28.2	6
33.25	27.55	6
32.40	27.1	6
32.15	26.65	6
32.35	25.95	6
32.95	25.5	6
33.85	26.05	6
33.05	26.5	6
33.65	27		6
34.10	27.35	6
34.20	27.95	6
34.65	26.85	6
35.25	26		6
35.70	26.15	6
34.40	25.6	6
21.30	20.8	1
20.15	20.9	1
19.20	21.35	1
19.10	21.85	1
18.45	22.8	1
18.75	22.95	1
19.40	23		1
19.55	22.25	1
19.80	21.85	1
20.50	21.85	1
21.45	21.45	1
21.70	21.9	1
21.40	22.3	1
21.00	22.6	1
21.15	22.95	1
20.50	22.85	1
19.75	23.65	1
19.20	23.7	1
18.45	24.35	1
20.65	23.85	1
20.65	24.3	1
19.70	24.6	1
20.15	25.05	1
22.15	25.1	1
21.60	24.65	1
21.70	23.8	1
21.90	23.65	1
22.55	23.5	1
22.55	24.3	1
23.30	24.45	1
24.25	24.35	1
23.80	25.25	1
23.40	23.8	1
22.90	23.2	1
22.30	22.8	1
22.20	22.4	1
23.10	21.7	1
22.85	21.9	1
22.65	21.1	1
23.15	22.6	1
24.10	21.9	1
24.70	22.2	1
24.30	22.6	1
24.15	23.3	1
23.90	23.45	1
05.20	2.15	5
06.35	1.95	5
06.75	2.3		5
05.90	2.4		5
05.40	2.7		5
04.85	2.9		5
04.85	3.35	5
05.15	3.45	5
05.70	3.45	5
06.20	3		5
06.20	3.2		5
07.65	2.15	5
07.20	2.75	5
06.75	3.2		5
06.75	3.55	5
06.65	3.8		5
05.80	4		5
04.95	4.05	5
05.10	4.35	5
05.70	4.45	5
05.45	4.85	5
06.70	4.8		5
06.55	5.05	5
07.20	4.9		5
06.20	4.25	5
07.10	4.3		5
07.85	4.5		5
07.60	4.15	5
07.25	3.55	5
07.80	3.35	5
08.05	2.75	5
08.50	3.25	5
08.10	3.55	5
08.15	4		5